Data 2023 (complete)

Age
2     82
3    147
4    149
5    160
6    190
7    283

Gender
1    493
2    517
3      1

Degree
1      4
2    170
3     52
4    316
5     67
6    138
7    125
8    135
9      4

Bundesland
1     140
2     163
3      44
4      31
5       6
6      23
7      71
8      20
9      99
10    218
11     50
12     11
13     48
14     26
15     37
16     24

Income
1     42
2     81
3     64
4    122
5    151
6    140
7    218
8    131
9     62

Sample B1

Age
2     82
3    147
4    149

Gender
1    182
2    195
3      1

Degree
1     2
2    63
3     2
4    89
5    37
6    76
7    43
8    66

Bundesland
1     50
2     70
3     21
4     12
5      3
6      9
7     30
8      8
9     41
10    70
11    13
12     3
13    18
14    10
15    12
16     8

Income
1    15
2    21
3    16
4    43
5    57
6    46
7    89
8    64
9    27

Sample C1 = Gesamt - Sample B1

Sample B2

Age
2    56
3    94
4    72

Gender
1    106
2    116

Degree
5    37
6    76
7    43
8    66

Bundesland
1     25
2     38
3     11
4     10
5      1
6      6
7     24
8      3
9     29
10    43
11    10
12     3
13     8
14     3
15     4
16     4

Income
1    10
2    13
3     7
4    14
5    27
6    21
7    60
8    47
9    23

Sample C2

Age
2     26
3     53
4     77
5    159
6    188
7    282

Gender
1    385
2    399
3      1

Degree
1      4
2    170
3     52
4    316
5     30
6     62
7     82
8     69

Bundesland
1     114
2     123
3      33
4      21
5       5
6      17
7      47
8      17
9      70
10    174
11     40
12      8
13     40
14     23
15     33
16     20

Income
1     32
2     67
3     56
4    107
5    123
6    119
7    158
8     84
9     39
